#schema: <planet name> <posX> <posY> <posZ> <velX> <velY> <velZ> <mass> <radius>
#data from: http://ssd.jpl.nasa.gov/horizons.cgi (2015-07-12)
Sun 3.455320919066019E-03  2.681067794322399E-04 -1.530784264041121E-04 2.305254142424259E-06  6.277733728557589E-06 -6.227914023600080E-08 332982 0
Mercury 2.159419250921213E-01  2.323609636473654E-01 -6.834103675549022E-04 -2.631955213959028E-02  2.018009545540191E-02  4.063227387767524E-03 0.0553 0
Venus -2.972705342975781E-02 -7.257648433343936E-01 -8.189349022796964E-03 2.007173181650602E-02 -9.928412814783000E-04 -1.171934025845937E-03 0.815 0
Earth 3.369444373782325E-01 -9.600965732896614E-01 -1.199190910397621E-04 1.598093337525536E-02  5.581993187348038E-03  8.065806654965843E-08 1 0
Mars -1.766855863913891E-01  1.575031570726213E+00  3.726498539385866E-02 -1.336919652504655E-02 -3.960684911463329E-04  3.196977560851266E-04 0.107 0
Jupiter -4.632273527478093E+00  2.722244733134162E+00  9.227354997751870E-02 -3.910997432702251E-03 -6.150824810077752E-03  1.131028636500022E-04 318 0
Saturn -4.536413974342784E+00 -8.888080611610791E+00  3.350834803783965E-01 4.663842213894992E-03 -2.553110135432952E-03 -1.408767992690865E-04 95.2 0
Uranus 1.908976225162013E+01  5.940259641509827E+00 -2.252509969343087E-01 -1.197470072301279E-03  3.572163039874025E-03  2.868305474204007E-05 14.5 0
Neptune 2.775827018364518E+01 -1.128416749546773E+01 -4.073417049414738E-01 1.161206759094137E-03  2.926257858892934E-03 -8.735760782946239E-05 17.2 0
Pluto 7.998520447907103E+00 -3.190168020021802E+01  1.100041621003596E+00 3.114784126727601E-03  1.312917247394944E-04 -9.064232206428026E-04 0.00209 0